layer17:
  loss: 0.0005168914794921875
  time: 5.628537699987646
layer18:
  loss: 0.1959635466337204
  time: 0.3935610830085352
layer19:
  loss: 0.00017307822417933494
  time: 0.5513795320002828

