layer17:
  loss: 0.0005168914794921875
  time: 1.416810706985416
layer18:
  loss: 0.1959635466337204
  time: 0.3411507779965177
layer19:
  loss: 0.00017307822417933494
  time: 0.5489331530116033

