layer19:
  loss: 0.001960691064596176
  time: 1.6077973219798878

