layer19:
  loss: 0.002209231723099947
  time: 41.68411876700702

